1449 384 480
204 350 8 1
205 350 8 1
206 350 8 1
207 350 8 1
208 350 8 1
209 350 8 1
210 350 8 1
211 350 8 1
212 350 8 1
213 350 8 1
214 350 8 1
233 126 6 1
215 350 8 1
234 126 6 1
216 350 8 1
235 126 6 1
217 350 8 1
236 126 6 1
218 350 8 1
237 126 6 1
219 350 8 1
238 126 6 1
220 350 8 1
239 126 6 1
221 350 8 1
240 126 6 1
222 350 8 1
223 350 8 1
224 350 8 1
91 107 10 0
92 107 10 0
93 107 10 0
94 107 10 0
95 107 10 0
96 107 10 0
97 107 10 0
226 428 9 0
227 428 9 0
228 428 9 0
229 428 9 0
230 428 9 0
231 428 9 0
170 360 8 1
232 428 9 0
171 360 8 1
233 428 9 0
172 360 8 1
234 428 9 0
173 360 8 1
235 428 9 0
174 360 8 1
236 428 9 0
175 360 8 1
237 428 9 0
176 360 8 1
238 428 9 0
177 360 8 1
239 428 9 0
178 360 8 1
240 428 9 0
179 360 8 1
180 360 8 1
181 360 8 1
240 136 6 1
241 136 6 1
242 136 6 1
243 136 6 1
244 136 6 1
245 136 6 1
246 136 6 1
247 136 6 1
87 117 10 0
149 370 8 1
88 117 10 0
150 370 8 1
89 117 10 0
151 370 8 1
90 117 10 0
152 370 8 1
91 117 10 0
153 370 8 1
92 117 10 0
154 370 8 1
93 117 10 0
155 370 8 1
156 370 8 1
157 370 8 1
158 370 8 1
159 370 8 1
160 370 8 1
161 370 8 1
162 370 8 1
163 370 8 1
164 370 8 1
165 370 8 1
166 370 8 1
99 88 10 0
201 263 7 1
100 88 10 0
202 263 7 1
101 88 10 0
203 263 7 1
102 88 10 0
204 263 7 1
103 88 10 0
205 263 7 1
206 263 7 1
207 263 7 1
208 263 7 1
209 263 7 1
253 409 9 0
226 117 6 1
227 117 6 1
228 117 6 1
229 117 6 1
230 117 6 1
231 117 6 1
232 117 6 1
95 98 10 0
197 273 7 1
96 98 10 0
198 273 7 1
97 98 10 0
199 273 7 1
98 98 10 0
200 273 7 1
99 98 10 0
201 273 7 1
100 98 10 0
202 273 7 1
101 98 10 0
203 273 7 1
242 419 9 0
243 419 9 0
244 419 9 0
245 419 9 0
246 419 9 0
247 419 9 0
248 419 9 0
187 351 8 1
249 419 9 0
188 351 8 1
250 419 9 0
189 351 8 1
251 419 9 0
190 351 8 1
252 419 9 0
191 351 8 1
192 351 8 1
193 351 8 1
194 351 8 1
195 351 8 1
196 351 8 1
197 351 8 1
198 351 8 1
199 351 8 1
200 351 8 1
201 351 8 1
202 351 8 1
203 351 8 1
204 351 8 1
205 351 8 1
206 351 8 1
207 351 8 1
208 351 8 1
209 351 8 1
210 351 8 1
211 351 8 1
212 351 8 1
213 351 8 1
214 351 8 1
215 351 8 1
234 127 6 1
216 351 8 1
235 127 6 1
217 351 8 1
236 127 6 1
218 351 8 1
237 127 6 1
219 351 8 1
238 127 6 1
220 351 8 1
239 127 6 1
221 351 8 1
240 127 6 1
222 351 8 1
241 127 6 1
223 351 8 1
224 351 8 1
225 351 8 1
90 108 10 0
91 108 10 0
92 108 10 0
93 108 10 0
94 108 10 0
95 108 10 0
96 108 10 0
97 108 10 0
225 429 9 0
226 429 9 0
227 429 9 0
228 429 9 0
229 429 9 0
230 429 9 0
169 361 8 1
231 429 9 0
170 361 8 1
232 429 9 0
171 361 8 1
233 429 9 0
172 361 8 1
234 429 9 0
173 361 8 1
235 429 9 0
174 361 8 1
236 429 9 0
175 361 8 1
237 429 9 0
176 361 8 1
238 429 9 0
177 361 8 1
239 429 9 0
178 361 8 1
179 361 8 1
241 137 6 1
242 137 6 1
243 137 6 1
244 137 6 1
245 137 6 1
246 137 6 1
247 137 6 1
87 118 10 0
88 118 10 0
89 118 10 0
151 371 8 1
90 118 10 0
152 371 8 1
91 118 10 0
153 371 8 1
92 118 10 0
154 371 8 1
93 118 10 0
155 371 8 1
156 371 8 1
157 371 8 1
158 371 8 1
159 371 8 1
160 371 8 1
161 371 8 1
162 371 8 1
163 371 8 1
164 371 8 1
99 89 10 0
201 264 7 1
100 89 10 0
202 264 7 1
101 89 10 0
203 264 7 1
102 89 10 0
204 264 7 1
103 89 10 0
205 264 7 1
206 264 7 1
207 264 7 1
208 264 7 1
251 410 9 0
252 410 9 0
253 410 9 0
254 410 9 0
255 410 9 0
225 118 6 1
226 118 6 1
227 118 6 1
228 118 6 1
229 118 6 1
230 118 6 1
231 118 6 1
232 118 6 1
233 118 6 1
196 274 7 1
95 99 10 0
197 274 7 1
96 99 10 0
198 274 7 1
97 99 10 0
199 274 7 1
98 99 10 0
200 274 7 1
99 99 10 0
201 274 7 1
100 99 10 0
202 274 7 1
101 99 10 0
203 274 7 1
241 420 9 0
242 420 9 0
243 420 9 0
182 352 8 1
244 420 9 0
183 352 8 1
245 420 9 0
184 352 8 1
246 420 9 0
185 352 8 1
247 420 9 0
186 352 8 1
248 420 9 0
187 352 8 1
249 420 9 0
188 352 8 1
250 420 9 0
189 352 8 1
190 352 8 1
191 352 8 1
192 352 8 1
193 352 8 1
194 352 8 1
195 352 8 1
196 352 8 1
197 352 8 1
198 352 8 1
199 352 8 1
200 352 8 1
201 352 8 1
202 352 8 1
203 352 8 1
204 352 8 1
205 352 8 1
206 352 8 1
207 352 8 1
208 352 8 1
209 352 8 1
210 352 8 1
211 352 8 1
212 352 8 1
213 352 8 1
214 352 8 1
215 352 8 1
216 352 8 1
235 128 6 1
217 352 8 1
236 128 6 1
218 352 8 1
237 128 6 1
219 352 8 1
238 128 6 1
220 352 8 1
239 128 6 1
221 352 8 1
240 128 6 1
222 352 8 1
241 128 6 1
223 352 8 1
242 128 6 1
224 352 8 1
90 109 10 0
91 109 10 0
92 109 10 0
93 109 10 0
94 109 10 0
95 109 10 0
96 109 10 0
224 430 9 0
225 430 9 0
226 430 9 0
227 430 9 0
228 430 9 0
167 362 8 1
229 430 9 0
168 362 8 1
230 430 9 0
169 362 8 1
231 430 9 0
170 362 8 1
232 430 9 0
171 362 8 1
233 430 9 0
172 362 8 1
234 430 9 0
173 362 8 1
235 430 9 0
174 362 8 1
236 430 9 0
175 362 8 1
237 430 9 0
176 362 8 1
177 362 8 1
178 362 8 1
241 138 6 1
242 138 6 1
243 138 6 1
244 138 6 1
245 138 6 1
246 138 6 1
247 138 6 1
86 119 10 0
87 119 10 0
209 255 7 1
88 119 10 0
89 119 10 0
90 119 10 0
91 119 10 0
92 119 10 0
98 90 10 0
200 265 7 1
99 90 10 0
201 265 7 1
100 90 10 0
202 265 7 1
101 90 10 0
203 265 7 1
102 90 10 0
204 265 7 1
103 90 10 0
205 265 7 1
104 90 10 0
206 265 7 1
207 265 7 1
208 265 7 1
250 411 9 0
251 411 9 0
252 411 9 0
253 411 9 0
254 411 9 0
255 411 9 0
226 119 6 1
227 119 6 1
228 119 6 1
229 119 6 1
230 119 6 1
231 119 6 1
232 119 6 1
233 119 6 1
234 119 6 1
94 100 10 0
196 275 7 1
95 100 10 0
197 275 7 1
96 100 10 0
198 275 7 1
97 100 10 0
199 275 7 1
98 100 10 0
200 275 7 1
99 100 10 0
201 275 7 1
100 100 10 0
202 275 7 1
240 421 9 0
241 421 9 0
180 353 8 1
242 421 9 0
181 353 8 1
243 421 9 0
182 353 8 1
244 421 9 0
183 353 8 1
245 421 9 0
184 353 8 1
246 421 9 0
185 353 8 1
247 421 9 0
186 353 8 1
248 421 9 0
187 353 8 1
249 421 9 0
188 353 8 1
250 421 9 0
189 353 8 1
190 353 8 1
191 353 8 1
192 353 8 1
193 353 8 1
194 353 8 1
195 353 8 1
196 353 8 1
197 353 8 1
198 353 8 1
199 353 8 1
200 353 8 1
201 353 8 1
202 353 8 1
203 353 8 1
204 353 8 1
205 353 8 1
206 353 8 1
207 353 8 1
208 353 8 1
209 353 8 1
210 353 8 1
211 353 8 1
212 353 8 1
213 353 8 1
214 353 8 1
215 353 8 1
216 353 8 1
217 353 8 1
236 129 6 1
218 353 8 1
237 129 6 1
219 353 8 1
238 129 6 1
220 353 8 1
239 129 6 1
221 353 8 1
240 129 6 1
222 353 8 1
241 129 6 1
223 353 8 1
242 129 6 1
224 353 8 1
243 129 6 1
89 110 10 0
90 110 10 0
91 110 10 0
92 110 10 0
93 110 10 0
94 110 10 0
95 110 10 0
96 110 10 0
223 431 9 0
224 431 9 0
225 431 9 0
226 431 9 0
227 431 9 0
166 363 8 1
228 431 9 0
167 363 8 1
229 431 9 0
168 363 8 1
230 431 9 0
169 363 8 1
231 431 9 0
170 363 8 1
232 431 9 0
171 363 8 1
233 431 9 0
172 363 8 1
234 431 9 0
173 363 8 1
174 363 8 1
175 363 8 1
176 363 8 1
177 363 8 1
241 139 6 1
242 139 6 1
243 139 6 1
244 139 6 1
245 139 6 1
246 139 6 1
247 139 6 1
248 139 6 1
207 256 7 1
86 120 10 0
208 256 7 1
87 120 10 0
209 256 7 1
88 120 10 0
210 256 7 1
89 120 10 0
211 256 7 1
90 120 10 0
91 120 10 0
92 120 10 0
98 91 10 0
200 266 7 1
99 91 10 0
201 266 7 1
100 91 10 0
202 266 7 1
101 91 10 0
203 266 7 1
102 91 10 0
204 266 7 1
103 91 10 0
205 266 7 1
104 91 10 0
206 266 7 1
250 412 9 0
251 412 9 0
252 412 9 0
253 412 9 0
254 412 9 0
255 412 9 0
256 412 9 0
226 120 6 1
227 120 6 1
228 120 6 1
229 120 6 1
230 120 6 1
231 120 6 1
232 120 6 1
233 120 6 1
234 120 6 1
235 120 6 1
195 276 7 1
94 101 10 0
196 276 7 1
95 101 10 0
197 276 7 1
96 101 10 0
198 276 7 1
97 101 10 0
199 276 7 1
98 101 10 0
200 276 7 1
99 101 10 0
201 276 7 1
100 101 10 0
202 276 7 1
238 422 9 0
239 422 9 0
240 422 9 0
179 354 8 1
241 422 9 0
180 354 8 1
242 422 9 0
181 354 8 1
243 422 9 0
182 354 8 1
244 422 9 0
183 354 8 1
245 422 9 0
184 354 8 1
246 422 9 0
185 354 8 1
247 422 9 0
186 354 8 1
248 422 9 0
187 354 8 1
249 422 9 0
188 354 8 1
189 354 8 1
190 354 8 1
191 354 8 1
192 354 8 1
193 354 8 1
194 354 8 1
195 354 8 1
196 354 8 1
197 354 8 1
198 354 8 1
199 354 8 1
200 354 8 1
201 354 8 1
202 354 8 1
203 354 8 1
204 354 8 1
205 354 8 1
206 354 8 1
207 354 8 1
208 354 8 1
209 354 8 1
210 354 8 1
211 354 8 1
212 354 8 1
213 354 8 1
214 354 8 1
215 354 8 1
216 354 8 1
217 354 8 1
236 130 6 1
218 354 8 1
237 130 6 1
219 354 8 1
238 130 6 1
220 354 8 1
239 130 6 1
221 354 8 1
240 130 6 1
222 354 8 1
241 130 6 1
223 354 8 1
242 130 6 1
243 130 6 1
89 111 10 0
90 111 10 0
91 111 10 0
92 111 10 0
93 111 10 0
94 111 10 0
95 111 10 0
223 432 9 0
224 432 9 0
225 432 9 0
164 364 8 1
226 432 9 0
165 364 8 1
227 432 9 0
166 364 8 1
228 432 9 0
167 364 8 1
229 432 9 0
168 364 8 1
230 432 9 0
169 364 8 1
231 432 9 0
170 364 8 1
232 432 9 0
171 364 8 1
172 364 8 1
173 364 8 1
174 364 8 1
175 364 8 1
242 140 6 1
243 140 6 1
244 140 6 1
245 140 6 1
246 140 6 1
247 140 6 1
206 257 7 1
207 257 7 1
208 257 7 1
87 121 10 0
209 257 7 1
88 121 10 0
210 257 7 1
89 121 10 0
211 257 7 1
90 121 10 0
91 121 10 0
97 92 10 0
199 267 7 1
98 92 10 0
200 267 7 1
99 92 10 0
201 267 7 1
100 92 10 0
202 267 7 1
101 92 10 0
203 267 7 1
102 92 10 0
204 267 7 1
103 92 10 0
205 267 7 1
206 267 7 1
249 413 9 0
250 413 9 0
251 413 9 0
252 413 9 0
253 413 9 0
254 413 9 0
255 413 9 0
256 413 9 0
228 121 6 1
229 121 6 1
230 121 6 1
231 121 6 1
232 121 6 1
233 121 6 1
234 121 6 1
235 121 6 1
236 121 6 1
93 102 10 0
195 277 7 1
94 102 10 0
196 277 7 1
95 102 10 0
197 277 7 1
96 102 10 0
198 277 7 1
97 102 10 0
199 277 7 1
98 102 10 0
200 277 7 1
99 102 10 0
201 277 7 1
237 423 9 0
238 423 9 0
239 423 9 0
178 355 8 1
240 423 9 0
179 355 8 1
241 423 9 0
180 355 8 1
242 423 9 0
181 355 8 1
243 423 9 0
182 355 8 1
244 423 9 0
183 355 8 1
245 423 9 0
184 355 8 1
246 423 9 0
185 355 8 1
247 423 9 0
186 355 8 1
187 355 8 1
188 355 8 1
189 355 8 1
190 355 8 1
191 355 8 1
192 355 8 1
193 355 8 1
194 355 8 1
195 355 8 1
196 355 8 1
197 355 8 1
198 355 8 1
199 355 8 1
200 355 8 1
201 355 8 1
202 355 8 1
203 355 8 1
204 355 8 1
205 355 8 1
206 355 8 1
207 355 8 1
208 355 8 1
209 355 8 1
210 355 8 1
211 355 8 1
212 355 8 1
213 355 8 1
214 355 8 1
215 355 8 1
216 355 8 1
217 355 8 1
218 355 8 1
237 131 6 1
219 355 8 1
238 131 6 1
220 355 8 1
239 131 6 1
221 355 8 1
240 131 6 1
241 131 6 1
242 131 6 1
243 131 6 1
244 131 6 1
89 112 10 0
151 365 8 1
90 112 10 0
152 365 8 1
91 112 10 0
153 365 8 1
92 112 10 0
154 365 8 1
93 112 10 0
155 365 8 1
94 112 10 0
156 365 8 1
95 112 10 0
157 365 8 1
158 365 8 1
159 365 8 1
160 365 8 1
222 433 9 0
161 365 8 1
223 433 9 0
162 365 8 1
224 433 9 0
163 365 8 1
225 433 9 0
164 365 8 1
226 433 9 0
165 365 8 1
227 433 9 0
166 365 8 1
228 433 9 0
167 365 8 1
229 433 9 0
168 365 8 1
169 365 8 1
170 365 8 1
171 365 8 1
172 365 8 1
173 365 8 1
174 365 8 1
242 141 6 1
243 141 6 1
244 141 6 1
245 141 6 1
246 141 6 1
247 141 6 1
206 258 7 1
207 258 7 1
208 258 7 1
87 122 10 0
209 258 7 1
88 122 10 0
210 258 7 1
89 122 10 0
211 258 7 1
90 122 10 0
212 258 7 1
91 122 10 0
97 93 10 0
199 268 7 1
98 93 10 0
200 268 7 1
99 93 10 0
201 268 7 1
100 93 10 0
202 268 7 1
101 93 10 0
203 268 7 1
102 93 10 0
204 268 7 1
103 93 10 0
205 268 7 1
248 414 9 0
249 414 9 0
250 414 9 0
251 414 9 0
252 414 9 0
253 414 9 0
254 414 9 0
255 414 9 0
229 122 6 1
230 122 6 1
231 122 6 1
232 122 6 1
233 122 6 1
234 122 6 1
235 122 6 1
236 122 6 1
237 122 6 1
93 103 10 0
94 103 10 0
196 278 7 1
95 103 10 0
197 278 7 1
96 103 10 0
198 278 7 1
97 103 10 0
199 278 7 1
98 103 10 0
200 278 7 1
99 103 10 0
201 278 7 1
235 424 9 0
236 424 9 0
237 424 9 0
176 356 8 1
238 424 9 0
177 356 8 1
239 424 9 0
178 356 8 1
240 424 9 0
179 356 8 1
241 424 9 0
180 356 8 1
242 424 9 0
181 356 8 1
243 424 9 0
182 356 8 1
244 424 9 0
183 356 8 1
245 424 9 0
184 356 8 1
185 356 8 1
186 356 8 1
187 356 8 1
188 356 8 1
189 356 8 1
190 356 8 1
191 356 8 1
192 356 8 1
193 356 8 1
194 356 8 1
195 356 8 1
196 356 8 1
197 356 8 1
198 356 8 1
199 356 8 1
200 356 8 1
201 356 8 1
202 356 8 1
203 356 8 1
204 356 8 1
205 356 8 1
206 356 8 1
207 356 8 1
208 356 8 1
209 356 8 1
210 356 8 1
211 356 8 1
212 356 8 1
213 356 8 1
214 356 8 1
215 356 8 1
216 356 8 1
217 356 8 1
218 356 8 1
238 132 6 1
239 132 6 1
240 132 6 1
241 132 6 1
242 132 6 1
243 132 6 1
244 132 6 1
149 366 8 1
150 366 8 1
89 113 10 0
151 366 8 1
90 113 10 0
152 366 8 1
91 113 10 0
153 366 8 1
92 113 10 0
154 366 8 1
93 113 10 0
155 366 8 1
94 113 10 0
156 366 8 1
95 113 10 0
157 366 8 1
158 366 8 1
159 366 8 1
160 366 8 1
161 366 8 1
223 434 9 0
162 366 8 1
224 434 9 0
163 366 8 1
225 434 9 0
164 366 8 1
226 434 9 0
165 366 8 1
227 434 9 0
166 366 8 1
228 434 9 0
167 366 8 1
168 366 8 1
169 366 8 1
170 366 8 1
171 366 8 1
172 366 8 1
244 142 6 1
245 142 6 1
205 259 7 1
206 259 7 1
207 259 7 1
208 259 7 1
209 259 7 1
210 259 7 1
89 123 10 0
211 259 7 1
212 259 7 1
97 94 10 0
199 269 7 1
98 94 10 0
200 269 7 1
99 94 10 0
201 269 7 1
100 94 10 0
202 269 7 1
101 94 10 0
203 269 7 1
102 94 10 0
204 269 7 1
103 94 10 0
205 269 7 1
247 415 9 0
248 415 9 0
249 415 9 0
250 415 9 0
251 415 9 0
252 415 9 0
253 415 9 0
254 415 9 0
255 415 9 0
230 123 6 1
231 123 6 1
232 123 6 1
233 123 6 1
234 123 6 1
235 123 6 1
236 123 6 1
237 123 6 1
238 123 6 1
239 123 6 1
92 104 10 0
93 104 10 0
94 104 10 0
196 279 7 1
95 104 10 0
197 279 7 1
96 104 10 0
198 279 7 1
97 104 10 0
199 279 7 1
98 104 10 0
200 279 7 1
233 425 9 0
234 425 9 0
235 425 9 0
174 357 8 1
236 425 9 0
175 357 8 1
237 425 9 0
176 357 8 1
238 425 9 0
177 357 8 1
239 425 9 0
178 357 8 1
240 425 9 0
179 357 8 1
241 425 9 0
180 357 8 1
242 425 9 0
181 357 8 1
243 425 9 0
182 357 8 1
244 425 9 0
183 357 8 1
245 425 9 0
184 357 8 1
185 357 8 1
186 357 8 1
187 357 8 1
188 357 8 1
189 357 8 1
190 357 8 1
238 133 6 1
239 133 6 1
240 133 6 1
241 133 6 1
242 133 6 1
243 133 6 1
244 133 6 1
245 133 6 1
149 367 8 1
88 114 10 0
150 367 8 1
89 114 10 0
151 367 8 1
90 114 10 0
152 367 8 1
91 114 10 0
153 367 8 1
92 114 10 0
154 367 8 1
93 114 10 0
155 367 8 1
94 114 10 0
156 367 8 1
157 367 8 1
158 367 8 1
159 367 8 1
160 367 8 1
161 367 8 1
223 435 9 0
162 367 8 1
224 435 9 0
163 367 8 1
225 435 9 0
164 367 8 1
226 435 9 0
165 367 8 1
227 435 9 0
166 367 8 1
228 435 9 0
167 367 8 1
168 367 8 1
169 367 8 1
170 367 8 1
171 367 8 1
204 260 7 1
205 260 7 1
206 260 7 1
207 260 7 1
208 260 7 1
209 260 7 1
210 260 7 1
211 260 7 1
96 95 10 0
198 270 7 1
97 95 10 0
199 270 7 1
98 95 10 0
200 270 7 1
99 95 10 0
201 270 7 1
100 95 10 0
202 270 7 1
101 95 10 0
203 270 7 1
102 95 10 0
204 270 7 1
246 416 9 0
247 416 9 0
248 416 9 0
249 416 9 0
250 416 9 0
251 416 9 0
252 416 9 0
253 416 9 0
254 416 9 0
231 124 6 1
232 124 6 1
233 124 6 1
234 124 6 1
235 124 6 1
236 124 6 1
237 124 6 1
238 124 6 1
239 124 6 1
221 348 8 1
222 348 8 1
92 105 10 0
93 105 10 0
94 105 10 0
95 105 10 0
96 105 10 0
198 280 7 1
97 105 10 0
98 105 10 0
230 426 9 0
231 426 9 0
232 426 9 0
233 426 9 0
234 426 9 0
173 358 8 1
235 426 9 0
174 358 8 1
236 426 9 0
175 358 8 1
237 426 9 0
176 358 8 1
238 426 9 0
177 358 8 1
239 426 9 0
178 358 8 1
240 426 9 0
179 358 8 1
241 426 9 0
180 358 8 1
242 426 9 0
181 358 8 1
243 426 9 0
182 358 8 1
244 426 9 0
183 358 8 1
184 358 8 1
185 358 8 1
186 358 8 1
239 134 6 1
240 134 6 1
241 134 6 1
242 134 6 1
243 134 6 1
244 134 6 1
245 134 6 1
246 134 6 1
148 368 8 1
149 368 8 1
88 115 10 0
150 368 8 1
89 115 10 0
151 368 8 1
90 115 10 0
152 368 8 1
91 115 10 0
153 368 8 1
92 115 10 0
154 368 8 1
93 115 10 0
155 368 8 1
94 115 10 0
156 368 8 1
157 368 8 1
158 368 8 1
159 368 8 1
160 368 8 1
161 368 8 1
162 368 8 1
163 368 8 1
225 436 9 0
164 368 8 1
226 436 9 0
165 368 8 1
166 368 8 1
167 368 8 1
168 368 8 1
169 368 8 1
170 368 8 1
203 261 7 1
204 261 7 1
205 261 7 1
206 261 7 1
207 261 7 1
208 261 7 1
209 261 7 1
210 261 7 1
211 261 7 1
228 115 6 1
229 115 6 1
96 96 10 0
198 271 7 1
97 96 10 0
199 271 7 1
98 96 10 0
200 271 7 1
99 96 10 0
201 271 7 1
100 96 10 0
202 271 7 1
101 96 10 0
203 271 7 1
102 96 10 0
204 271 7 1
245 417 9 0
246 417 9 0
247 417 9 0
248 417 9 0
249 417 9 0
250 417 9 0
251 417 9 0
252 417 9 0
253 417 9 0
231 125 6 1
232 125 6 1
233 125 6 1
234 125 6 1
235 125 6 1
236 125 6 1
237 125 6 1
219 349 8 1
238 125 6 1
220 349 8 1
239 125 6 1
221 349 8 1
240 125 6 1
222 349 8 1
223 349 8 1
224 349 8 1
92 106 10 0
93 106 10 0
94 106 10 0
95 106 10 0
96 106 10 0
97 106 10 0
98 106 10 0
228 427 9 0
229 427 9 0
230 427 9 0
231 427 9 0
232 427 9 0
233 427 9 0
172 359 8 1
234 427 9 0
173 359 8 1
235 427 9 0
174 359 8 1
236 427 9 0
175 359 8 1
237 427 9 0
176 359 8 1
238 427 9 0
177 359 8 1
239 427 9 0
178 359 8 1
240 427 9 0
179 359 8 1
241 427 9 0
180 359 8 1
242 427 9 0
181 359 8 1
182 359 8 1
239 135 6 1
240 135 6 1
241 135 6 1
242 135 6 1
243 135 6 1
244 135 6 1
245 135 6 1
246 135 6 1
87 116 10 0
149 369 8 1
88 116 10 0
150 369 8 1
89 116 10 0
151 369 8 1
90 116 10 0
152 369 8 1
91 116 10 0
153 369 8 1
92 116 10 0
154 369 8 1
93 116 10 0
155 369 8 1
156 369 8 1
157 369 8 1
158 369 8 1
159 369 8 1
160 369 8 1
161 369 8 1
162 369 8 1
163 369 8 1
164 369 8 1
165 369 8 1
166 369 8 1
167 369 8 1
168 369 8 1
202 262 7 1
101 87 10 0
203 262 7 1
204 262 7 1
205 262 7 1
206 262 7 1
207 262 7 1
208 262 7 1
209 262 7 1
210 262 7 1
226 116 6 1
227 116 6 1
228 116 6 1
229 116 6 1
230 116 6 1
231 116 6 1
95 97 10 0
197 272 7 1
96 97 10 0
198 272 7 1
97 97 10 0
199 272 7 1
98 97 10 0
200 272 7 1
99 97 10 0
201 272 7 1
100 97 10 0
202 272 7 1
101 97 10 0
203 272 7 1
243 418 9 0
244 418 9 0
245 418 9 0
246 418 9 0
247 418 9 0
248 418 9 0
249 418 9 0
250 418 9 0
251 418 9 0
252 418 9 0
191 350 8 1
192 350 8 1
193 350 8 1
194 350 8 1
195 350 8 1
196 350 8 1
197 350 8 1
198 350 8 1
199 350 8 1
200 350 8 1
201 350 8 1
202 350 8 1
203 350 8 1
